solution = [
    [
        [
            [0, [35, 47, 37, 36, 38, 48, 49, 26, 25, 22, 20, 19, 14, 27, 28, 29, 44, 45, 43, 30, 8, 11, 40, 41, 9, 6]],
            [35, []],
            [47, []],
            [37, []],
            [36, []],
            [38, []],
            [48, []],
            [49, []],
            [26, []],
            [25, []],
            [22, []],
            [20, []],
            [19, []],
            [14, []],
            [27, []],
            [28, []],
            [29, []],
            [44, []],
            [45, []],
            [43, []],
            [30, []],
            [8, []],
            [11, []],
            [40, []],
            [41, []],
            [9, []],
            [6, []]
        ],
        [
            [0, [1, 2, 4, 50, 31, 46, 24, 23, 21, 5, 3, 12, 10, 7, 42, 39, 13, 16, 15, 18, 17]],
            [1, []],
            [2, []],
            [4, []],
            [50, []],
            [31, []],
            [46, []],
            [24, []],
            [23, []],
            [21, []],
            [5, []],
            [3, []],
            [12, []],
            [10, []],
            [7, []],
            [42, []],
            [39, []],
            [13, []],
            [16, []],
            [15, []],
            [32, [32, 33, 34]],
            [33, []],
            [34, []],
            [18, []],
            [17, []]
        ]
    ],
    [
        [
            [32, [32, 33, 34]]
        ]
    ]
]
